0.2585702944
45.0000000000
33.6851670836
-28.0350625814
62.5979322978
-15.8063339452
-87.0646696633
-62.9927135036
-77.1856714095
-87.1375947739
50.8646962002
43.8741252667
-56.3740585104
-63.5855083787
-45.0000000000
-8.5875738758
-29.0606017848
-66.1911201732
0.5404139819
67.2990618271
15.7826095685
65.7362644340
86.3329946075
-80.2773986782
-2.2182360861
-54.4695628795
-62.5565146770
27.5849583876
84.3758499399
-62.3714644779
-69.4521459419
-46.4286409231
70.1928645759
-36.3708430767
-68.0113166492
17.2989354550
-27.5571643514
50.3049926103
-54.7052846992
-15.7250630514
-43.7631329292
-60.7209722704
2.5543225643
-61.0379639440
-56.4079647808
5.6257679925
58.9427854068
37.7847306820
-30.7652662612
90.0000000000
-73.1376871896
4.4464471828
-34.4711984468
83.3477077962
21.7459522995
35.7969637197
-63.2539989747
0.0232097736
-12.6897386745
7.1258250794
-6.8951005938
79.5383503392
-76.7416785293
-70.1792316123
-84.0513183215
-39.5448871168
43.9413175246
-60.5482082875
42.3871388311
68.1580352532
-85.7735661406
-21.4196804181
-43.0079102348
-43.8551220711
-79.1728867358
45.4750157812
-86.8576963418
69.7604093458
29.1344808511
62.6202615908
49.6421604019
13.6868968898
45.1410376095
40.2844148227
65.9122825505
59.4937935777
82.8945172836
44.6714722110
31.4837996361
-65.3880230695
-6.9625154806
-76.4866252938
67.7959328905
-61.7238655885
-42.5539758000
-37.1148472354
-71.1828205001
-61.5514295780
29.5622459265
76.6698765553
-14.4166368775
26.9925137021
31.0235042815
27.9029599435
45.8127341259
-8.1002637111
-20.3862535008
-19.2699803913
59.6462334321
-78.9470020203
-41.8611911232
-60.3632592984
26.6572997354
1.6915027945
-77.8097466866
-44.3439497533
48.4213027452
18.3651869421
25.7381713340
0.5376074937
10.7497208864
-30.0026459930
28.7343431753
-69.9810026468
-4.0992199777
41.6898785113
80.1651852261
37.7233844675
57.3170675418
-3.3773931030
-32.0733368077
-73.0154242293
0.0711549330
20.1972007380
-86.7364667162
3.9064163373
-50.8684337877
75.8945014187
59.8486191307
-33.2397836208
6.6646486770
-34.8802713225
-41.5235193276
77.5692000481
-12.4545030531
-45.7337428576
34.3978890791
79.7756976846
-79.0463478962
-29.7044419051
82.8496535250
-12.2093493057
-45.6280831152
-14.6299038397
-74.2748506540
-52.0654230114
6.2319356092
85.6849234818
-29.3233520617
44.8234392916
37.0807224480
-68.4803641605
-67.2901329000
-79.8508218405
-6.1630562307
15.1621797566
-84.8639223473
82.9023294889
75.2688429314
25.3387894356
68.1581215009
88.7102995111
63.6565938127
66.5009100014
27.2127250470
-8.7107007332
38.4266554825
-84.9817415641
-43.2312386248
-70.3160273166
-37.9057739272
81.5078819588
71.7658963459
65.6832162915
86.2049404503
49.5385911246
11.2069554895
4.7007412551
69.7434882314
-83.2049131030
3.7886362247
18.6251289380
-0.4910318575
56.7681495401
-78.3691802600
-78.2268592049
-32.2610022513
67.8004969236
61.5856274834
88.5909810278
59.5817138928
40.0958977114
-11.5653789119
-89.8432261427
-33.5208975871
3.0504074929
-40.5067660964
-23.7424064653
-82.8040906701
19.7347008140
-31.5269621648
68.8983322985
40.6006783944
25.7105140393
15.7606154711
-68.3375000500
33.7748418179
-30.1375761493
20.7620518120
-80.1453904733
-5.9802165848
-82.4883469714
40.3320980938
60.6434475389
-70.1835764681
14.6471832082
52.2239354823
52.0694775544
31.2251526341
-77.7673771601
24.9030517751
-8.0485854385
-19.5000259679
-88.1304620663
-78.4603371730
-85.2912395050
81.3777632654
4.4381220401
83.2196495305
-88.8321216049
-45.1511421502
-1.6750218078
26.3609065122
-59.7871801751
65.9755640929
-74.6535131128
-19.8529683190
-62.4229604443
70.4020457346
-73.2743962171
-68.2290366337
-80.2470742024
19.7156126204
-32.6607483728
47.7435494641
-60.0855866083
-30.5569961837
-84.4942350634
61.6026636423
-77.4454710673
-72.2136400307
89.6246683327
-41.5885006565
83.5798584435
8.8259108165
-82.4357489228
-36.8332948406
30.3948604128
-48.9378899760
-36.1915862220
74.6295761680
38.1602754907
-25.6320924148
7.2577906764
-49.5741072887
-44.8725110456
-76.7839355147
30.5063169653
9.3267429051
-48.5228558286
73.0847945001
22.6228963378
12.8024238670
-21.3090482030
-88.1910975496
41.2708102922
65.4176038125
73.2754985775
47.1353099669
-30.0725613509
-50.7743576587
-30.2888657196
-89.2522166218
0.0889130695
-46.4543944349
-73.9833714187
-12.1027358093
-81.1053901012
23.2728142971
17.7243309112
80.6223418396
-82.9743725308
63.5391397436
14.6896958677
-1.4440068080
-37.8850112307
41.7144664747
24.5765174343
-38.9635361115
-60.0139092431
43.7467917386
88.5319126310
66.0526804639
67.7620140021
-9.0744241792
-68.1150802118
23.9748472760
47.1211574201
26.9016110808
26.8014199926
-74.6987017412
24.4531722388
22.7399977126
44.1187599659
-73.1840639392
-56.0321577151
-4.0729738318
31.5102773724
0.4077007410
6.8888426370
73.3110745552
-3.3908079289
48.8810764406
-55.0831657853
53.2422603309
-53.3200382029
76.5034812263
-30.8972495227
42.2463914218
89.9041358665
-19.9922702126
-58.2471754097
86.1763230939
72.4692773010
73.7033896350
19.0081018410
77.9235189506
82.6163487634
-1.8553684579
-51.9170992510
-82.0213019294
12.4942762114
17.9106043281
-43.6111564273
14.3415585207
42.8975098507
-61.0514982523
12.2448127098
11.0959904041
-42.5035735801
84.2356377194
40.2271523185
42.9852018197
84.3924054393
29.7782826174
-68.8466830885
52.3081619696
-53.6970810947
-42.7205906966
83.2280584921
13.2027634797
14.3064729128
19.8658597361
-1.1271996896
68.3232314079
61.2402419857
3.3785615950
-79.9806889069
34.6552581387
65.4039895062
-84.2790390045
-18.7112837689
-1.4513416910
-72.9488324472
41.8870997450
42.3369317441
-11.4394217161
36.7673103955
70.0403639007
62.0548670992
31.9198675335
-5.2835696882
12.1069076505
-70.4421523643
82.8378605791
-15.3468610081
43.5181842267
-16.3913148540
-24.6241290829
3.1359186652
-68.1215352056
-31.7447776283
6.0289710244
83.9596926819
-27.5829090860
-55.6725762177
66.5799198893
-66.4748956593
-70.6622494413
-31.8962679508
88.1234174197
-76.7327939751
63.6373562114
56.9428097309
27.7180456098
72.3156131240
-53.3145891977
85.6376685383
82.1175224105
69.0336172792
-62.2710474782
52.5402333947
-32.1879893607
41.5149687481
76.2479445607
-41.6209624652
-78.3876533480
70.6141068136
75.4892122480
66.9664304669
-87.4003080107
-34.9323629525
-16.3106053353
-21.0412242401
-0.4814307418
-64.1229819067
-71.5339681534
12.3541689832
-87.5885816761
54.1847096830
-16.1838409189
47.3673348037
44.1221202397
-34.2058866966
66.7088870237
-3.9221941442
79.2842093386
64.3993909660
37.6402864715
71.4322089141
-1.9063437406
-29.3228564165
69.6255269534
-67.7006990902
42.4010925669
-34.5276172846
-18.0350617527
-18.3609154124
43.7063625698
-24.6470636411
-41.4567186751
-89.8166184546
62.1474504857
-17.7551981523
-55.9026469522
-1.4074072095
-70.2014771048
15.5913958232
-75.6475197616
47.3801113425
-60.3240085837
-1.0134406726
-46.5804397167
-36.1505003091
44.2241206704
-45.8794088011
-0.1630448327
-69.8884066806
-73.2255926995
-6.7277089537
15.8265232102
-1.6992110191
-62.4046944623
57.6652205996
-76.8290437745
30.6290133810
8.5994666143
-33.8031631031
26.2557919043
68.4353274543
-80.9366514675
-36.0240749694
-3.1804028731
-59.0234095441
-14.4911781500
15.9822398104
-6.8969311290
-27.7525245226
-18.1103558020
-89.1739670469
